[gd_scene load_steps=17 format=3 uid="uid://bmvecuy7hu7y8"]

[ext_resource type="Script" uid="uid://c1liywll17esm" path="res://barbarian/barbarian.gd" id="1_kcs7w"]
[ext_resource type="PackedScene" uid="uid://djs1i4wockwoi" path="res://barbarian/barbarian_model.tscn" id="2_j3sk6"]

[sub_resource type="CapsuleShape3D" id="CapsuleShape3D_kcs7w"]
radius = 0.65
height = 2.5

[sub_resource type="SphereShape3D" id="SphereShape3D_kcs7w"]
radius = 0.1

[sub_resource type="AnimationNodeAnimation" id="AnimationNodeAnimation_tan8y"]
animation = &"Idle"

[sub_resource type="AnimationNodeAnimation" id="AnimationNodeAnimation_d3myt"]
animation = &"Jump_Full_Short"

[sub_resource type="AnimationNodeAnimation" id="AnimationNodeAnimation_00y87"]
animation = &"Walking_C"

[sub_resource type="AnimationNodeStateMachineTransition" id="AnimationNodeStateMachineTransition_3bub4"]
xfade_time = 0.2
advance_mode = 2

[sub_resource type="AnimationNodeStateMachineTransition" id="AnimationNodeStateMachineTransition_ln5jd"]
xfade_time = 0.2
advance_mode = 2
advance_condition = &"jump"

[sub_resource type="AnimationNodeStateMachineTransition" id="AnimationNodeStateMachineTransition_j5kk5"]
xfade_time = 0.2
advance_mode = 2
advance_condition = &"walk"

[sub_resource type="AnimationNodeStateMachineTransition" id="AnimationNodeStateMachineTransition_vk5ys"]
xfade_time = 0.2
advance_mode = 2
advance_condition = &"idle"

[sub_resource type="AnimationNodeStateMachineTransition" id="AnimationNodeStateMachineTransition_tdm22"]
xfade_time = 0.2
advance_mode = 2
advance_condition = &"walk"

[sub_resource type="AnimationNodeStateMachineTransition" id="AnimationNodeStateMachineTransition_hwh23"]
xfade_time = 0.2
advance_mode = 2
advance_condition = &"jump"

[sub_resource type="AnimationNodeStateMachineTransition" id="AnimationNodeStateMachineTransition_6e7d8"]
xfade_time = 0.2
advance_mode = 2
advance_condition = &"idle"

[sub_resource type="AnimationNodeStateMachine" id="AnimationNodeStateMachine_2ohss"]
states/Idle/node = SubResource("AnimationNodeAnimation_tan8y")
states/Idle/position = Vector2(197, 213)
states/Jump/node = SubResource("AnimationNodeAnimation_d3myt")
states/Jump/position = Vector2(264, 297)
states/Walking/node = SubResource("AnimationNodeAnimation_00y87")
states/Walking/position = Vector2(372, 219)
transitions = ["Start", "Idle", SubResource("AnimationNodeStateMachineTransition_3bub4"), "Idle", "Jump", SubResource("AnimationNodeStateMachineTransition_ln5jd"), "Jump", "Walking", SubResource("AnimationNodeStateMachineTransition_j5kk5"), "Walking", "Idle", SubResource("AnimationNodeStateMachineTransition_vk5ys"), "Idle", "Walking", SubResource("AnimationNodeStateMachineTransition_tdm22"), "Walking", "Jump", SubResource("AnimationNodeStateMachineTransition_hwh23"), "Jump", "Idle", SubResource("AnimationNodeStateMachineTransition_6e7d8")]

[sub_resource type="AnimationNodeBlendTree" id="AnimationNodeBlendTree_dys8y"]
nodes/StateMachine/node = SubResource("AnimationNodeStateMachine_2ohss")
nodes/StateMachine/position = Vector2(60, 260)
node_connections = [&"output", 0, &"StateMachine"]

[node name="Barbarian" type="CharacterBody3D"]
script = ExtResource("1_kcs7w")

[node name="BarbarianModel" parent="." instance=ExtResource("2_j3sk6")]

[node name="Skeleton3D" parent="BarbarianModel/Rig" index="0"]
bones/1/position = Vector3(0, 0.389586, 0)
bones/4/rotation = Quaternion(-0.559102, -0.0602357, -0.642797, 0.520181)
bones/5/rotation = Quaternion(2.30636e-08, -4.53742e-08, -0.498072, 0.867136)
bones/7/rotation = Quaternion(-0.32125, -0.326894, 0.146672, 0.876599)
bones/8/rotation = Quaternion(0.000130199, 0.000130193, -0.706629, 0.707584)
bones/11/rotation = Quaternion(-0.617438, 0.0801699, 0.617075, 0.481208)
bones/12/rotation = Quaternion(3.50486e-08, 5.47511e-08, 0.52113, 0.853477)
bones/14/rotation = Quaternion(-0.319576, 0.302251, -0.228358, 0.868544)
bones/15/rotation = Quaternion(0.000365667, 0.000430699, 0.706728, 0.707486)
bones/22/rotation = Quaternion(0.993473, 0.0834224, 0.0743678, 0.0228372)
bones/23/rotation = Quaternion(0.226563, 6.637e-08, -1.55082e-07, 0.973996)
bones/24/rotation = Quaternion(-0.533656, -0.208557, 0.0483687, 0.818153)
bones/26/rotation = Quaternion(0.996747, -0.029936, 0.0312988, 0.0679614)
bones/27/rotation = Quaternion(0.296932, -6.39282e-08, 2.07853e-07, 0.954899)
bones/28/rotation = Quaternion(-0.571226, 0.114355, -0.0105384, 0.812719)
bones/45/position = Vector3(0.520841, 0.786976, -0.0576373)
bones/47/position = Vector3(-0.510844, 0.786975, 0.0597369)

[node name="1H_Axe_Offhand" parent="BarbarianModel/Rig/Skeleton3D" index="0"]
transform = Transform3D(2.18168e-07, 0.262863, 0.964832, 0.999998, -0.00135149, 0.000368365, 0.00140095, 0.964832, -0.262863, 0.516484, 0.635618, 0.0138231)

[node name="Barbarian_Round_Shield" parent="BarbarianModel/Rig/Skeleton3D" index="1"]
transform = Transform3D(6.67796e-09, 0.262863, 0.964832, 0.999998, -0.00135401, 0.000369271, 0.00140362, 0.964832, -0.262863, 0.662603, 0.635698, -0.0428775)

[node name="1H_Axe" parent="BarbarianModel/Rig/Skeleton3D" index="2"]
transform = Transform3D(-0.000252237, -0.151008, 0.988532, 0.999999, -0.00107185, 9.11161e-05, 0.0010461, 0.988531, 0.151008, -0.496012, 0.639986, 0.139729)

[node name="2H_Axe" parent="BarbarianModel/Rig/Skeleton3D" index="3"]
transform = Transform3D(-0.000252237, -0.151008, 0.988532, 0.999999, -0.00107185, 9.11161e-05, 0.0010461, 0.988531, 0.151008, -0.496012, 0.639986, 0.139729)

[node name="Mug" parent="BarbarianModel/Rig/Skeleton3D" index="4"]
transform = Transform3D(-0.000252237, -0.151008, 0.988532, 0.999999, -0.00107185, 9.11161e-05, 0.0010461, 0.988531, 0.151008, -0.488545, 0.339472, 0.0910303)

[node name="Barbarian_Hat" parent="BarbarianModel/Rig/Skeleton3D" index="5"]
transform = Transform3D(0.99972, -1.40143e-09, 0.0236466, 1.39341e-09, 1, 3.55686e-10, -0.0236466, -3.22637e-10, 0.99972, -7.55726e-09, 1.1998, -1.39052e-07)

[node name="Barbarian_Cape" parent="BarbarianModel/Rig/Skeleton3D" index="6"]
transform = Transform3D(0.996275, -5.14962e-09, 0.0862353, 5.13043e-09, 1, 4.44077e-10, -0.0862353, 1.88007e-15, 0.996275, -1.91641e-06, 1.1998, 2.59003e-08)

[node name="CollisionShape3D" type="CollisionShape3D" parent="."]
transform = Transform3D(1, 0, 0, 0, 1, 0, 0, 0, 1, 0, 1.25, 0)
shape = SubResource("CapsuleShape3D_kcs7w")

[node name="CameraPivot" type="Node3D" parent="."]
unique_name_in_owner = true
transform = Transform3D(1, 0, 0, 0, 0.939693, -0.34202, 0, 0.34202, 0.939693, 0, 0, 0)

[node name="SpringArm3D" type="SpringArm3D" parent="CameraPivot"]
transform = Transform3D(-1, 0, -8.74228e-08, 1.77636e-15, 1, 2.98023e-08, 8.74228e-08, 2.98023e-08, -1, 0, 0, 0)
shape = SubResource("SphereShape3D_kcs7w")
spring_length = 8.0

[node name="Camera3D" type="Camera3D" parent="CameraPivot/SpringArm3D"]
unique_name_in_owner = true

[node name="AnimationTree" type="AnimationTree" parent="."]
root_node = NodePath("../BarbarianModel")
tree_root = SubResource("AnimationNodeBlendTree_dys8y")
anim_player = NodePath("../BarbarianModel/AnimationPlayer")
parameters/StateMachine/conditions/idle = false
parameters/StateMachine/conditions/jump = false
parameters/StateMachine/conditions/walk = false

[editable path="BarbarianModel"]
