[gd_scene load_steps=17 format=3 uid="uid://bmvecuy7hu7y8"]

[ext_resource type="Script" uid="uid://c1liywll17esm" path="res://barbarian/barbarian.gd" id="1_kcs7w"]
[ext_resource type="PackedScene" uid="uid://d1wf5yg3gcsmr" path="res://models/barbarian.tscn" id="2_j3sk6"]

[sub_resource type="CapsuleShape3D" id="CapsuleShape3D_kcs7w"]
radius = 0.65
height = 2.5

[sub_resource type="SphereShape3D" id="SphereShape3D_kcs7w"]

[sub_resource type="AnimationNodeAnimation" id="AnimationNodeAnimation_j3sk6"]
animation = &"Idle"

[sub_resource type="AnimationNodeAnimation" id="AnimationNodeAnimation_d3myt"]
animation = &"Jump_Full_Short"

[sub_resource type="AnimationNodeAnimation" id="AnimationNodeAnimation_tan8y"]
animation = &"Walking_C"

[sub_resource type="AnimationNodeStateMachineTransition" id="AnimationNodeStateMachineTransition_d3myt"]
advance_mode = 2

[sub_resource type="AnimationNodeStateMachineTransition" id="AnimationNodeStateMachineTransition_00y87"]
advance_mode = 2
advance_condition = &"walk"

[sub_resource type="AnimationNodeStateMachineTransition" id="AnimationNodeStateMachineTransition_3bub4"]
advance_mode = 2
advance_condition = &"idle"

[sub_resource type="AnimationNodeStateMachineTransition" id="AnimationNodeStateMachineTransition_ln5jd"]
advance_mode = 2
advance_condition = &"jump"

[sub_resource type="AnimationNodeStateMachineTransition" id="AnimationNodeStateMachineTransition_j5kk5"]
advance_mode = 2
advance_condition = &"walk"

[sub_resource type="AnimationNodeStateMachineTransition" id="AnimationNodeStateMachineTransition_vk5ys"]
advance_mode = 2
advance_condition = &"idle"

[sub_resource type="AnimationNodeStateMachineTransition" id="AnimationNodeStateMachineTransition_tdm22"]
advance_mode = 2
advance_condition = &"jump"

[sub_resource type="AnimationNodeStateMachine" id="AnimationNodeStateMachine_ln5jd"]
states/Idle/node = SubResource("AnimationNodeAnimation_j3sk6")
states/Idle/position = Vector2(211, 180)
states/Jump/node = SubResource("AnimationNodeAnimation_d3myt")
states/Jump/position = Vector2(258, 289)
states/Walking_C/node = SubResource("AnimationNodeAnimation_tan8y")
states/Walking_C/position = Vector2(333, 180)
transitions = ["Start", "Idle", SubResource("AnimationNodeStateMachineTransition_d3myt"), "Idle", "Walking_C", SubResource("AnimationNodeStateMachineTransition_00y87"), "Walking_C", "Idle", SubResource("AnimationNodeStateMachineTransition_3bub4"), "Walking_C", "Jump", SubResource("AnimationNodeStateMachineTransition_ln5jd"), "Jump", "Walking_C", SubResource("AnimationNodeStateMachineTransition_j5kk5"), "Jump", "Idle", SubResource("AnimationNodeStateMachineTransition_vk5ys"), "Idle", "Jump", SubResource("AnimationNodeStateMachineTransition_tdm22")]

[sub_resource type="AnimationNodeBlendTree" id="AnimationNodeBlendTree_j5kk5"]
nodes/StateMachine/node = SubResource("AnimationNodeStateMachine_ln5jd")
nodes/StateMachine/position = Vector2(60, 140)
node_connections = [&"output", 0, &"StateMachine"]

[node name="Barbarian" type="CharacterBody3D"]
script = ExtResource("1_kcs7w")

[node name="BarbarianSkin" parent="." instance=ExtResource("2_j3sk6")]
unique_name_in_owner = true

[node name="Skeleton3D" parent="BarbarianSkin/Rig" index="0"]
bones/1/position = Vector3(0, 0.391417, 0)
bones/1/rotation = Quaternion(-1.11123e-10, 0.0431578, 2.57241e-09, 0.999068)
bones/2/rotation = Quaternion(-6.93889e-18, 7.10543e-15, 4.93038e-32, 1)
bones/3/rotation = Quaternion(8.27181e-25, 3.72529e-09, -2.75506e-40, 1)
bones/4/position = Vector3(0.212007, 0.134132, 7.92996e-08)
bones/4/rotation = Quaternion(-0.559507, -0.061119, -0.645069, 0.516819)
bones/5/rotation = Quaternion(2.62303e-08, -4.49392e-08, -0.492887, 0.870093)
bones/7/rotation = Quaternion(-0.32072, -0.325336, 0.144767, 0.877689)
bones/8/position = Vector3(8.34843e-10, 0.0961252, -0.0575)
bones/8/rotation = Quaternion(0.000155099, 0.000155076, -0.706537, 0.707676)
bones/11/position = Vector3(-0.212007, 0.134132, 8.6814e-08)
bones/11/rotation = Quaternion(-0.617927, 0.0809707, 0.618982, 0.477987)
bones/12/rotation = Quaternion(3.41379e-08, 4.04915e-08, 0.516189, 0.856475)
bones/14/rotation = Quaternion(-0.318958, 0.300436, -0.226386, 0.869916)
bones/15/position = Vector3(-1.5736e-08, 0.0961251, -0.0575)
bones/15/rotation = Quaternion(0.000375863, 0.000442708, 0.706717, 0.707496)
bones/19/rotation = Quaternion(-5.80608e-11, -0.0313417, -1.88012e-09, 0.999509)
bones/22/position = Vector3(0.170945, 0.113587, 1.59941e-08)
bones/22/rotation = Quaternion(0.993679, 0.08365, 0.0736763, 0.0132775)
bones/23/rotation = Quaternion(0.201725, 6.3623e-08, -1.33442e-07, 0.979442)
bones/24/rotation = Quaternion(-0.520748, -0.20932, 0.0445771, 0.82645)
bones/25/rotation = Quaternion(-9.74065e-09, 0.920355, -0.391084, 7.8309e-08)
bones/26/position = Vector3(-0.170945, 0.113587, 1.55755e-08)
bones/26/rotation = Quaternion(0.997218, -0.0295483, 0.031485, 0.060767)
bones/27/rotation = Quaternion(0.278427, -6.38782e-08, 1.94484e-07, 0.960457)
bones/28/rotation = Quaternion(-0.561388, 0.114485, -0.00899316, 0.819546)
bones/29/rotation = Quaternion(3.03591e-08, 0.920355, -0.391084, -6.95338e-08)
bones/30/rotation = Quaternion(0.707107, -2.29302e-07, -4.60552e-08, 0.707107)
bones/31/position = Vector3(0.202182, 0.0259903, 0.205181)
bones/31/rotation = Quaternion(-0.707107, -7.05285e-08, -7.05285e-08, 0.707107)
bones/32/position = Vector3(1.94581e-08, 0.362833, -2.42861e-15)
bones/32/rotation = Quaternion(9.65792e-09, 1.77955e-09, 0.985719, -0.168398)
bones/33/position = Vector3(-2.60494e-08, 0.213436, -5.1715e-09)
bones/33/rotation = Quaternion(-1.01273e-07, 0.391084, 0.920355, -3.35091e-08)
bones/34/position = Vector3(8.58988e-09, 0.16565, -2.40963e-09)
bones/35/rotation = Quaternion(1, -2.33136e-09, 1.99777e-07, -1.34211e-15)
bones/37/rotation = Quaternion(0.707107, -3.82385e-08, 1.45009e-07, 0.707107)
bones/38/position = Vector3(-0.170945, 0.0259903, 0.245789)
bones/38/rotation = Quaternion(-0.707107, -7.05285e-08, -7.05285e-08, 0.707107)
bones/39/position = Vector3(1.94581e-08, 0.362833, 2.42861e-15)
bones/39/rotation = Quaternion(-5.83589e-09, 6.43837e-10, 0.994809, 0.101756)
bones/40/position = Vector3(-1.11482e-08, 0.213436, -2.50942e-15)
bones/40/rotation = Quaternion(-1.05796e-07, 0.391084, 0.920355, -2.58643e-08)
bones/41/position = Vector3(-6.31128e-09, 0.16565, 2.70695e-09)
bones/42/rotation = Quaternion(1, 3.76526e-09, 1.94879e-07, 7.45058e-09)
bones/44/position = Vector3(0.453507, 1.10676, -0.588859)
bones/44/rotation = Quaternion(-0.707107, -7.27951e-08, -7.27951e-08, 0.707107)
bones/45/position = Vector3(0.520841, 0.787105, -0.0576373)
bones/45/rotation = Quaternion(0.794627, -1.11759e-07, 0.607098, -5.96046e-08)
bones/46/position = Vector3(-0.453507, 1.10676, -0.58886)
bones/46/rotation = Quaternion(-0.707107, -7.27951e-08, -7.27951e-08, 0.707107)
bones/47/position = Vector3(-0.510844, 0.787105, 0.0597369)
bones/47/rotation = Quaternion(-0.758253, -1.52737e-07, 0.651961, -1.11759e-08)

[node name="1H_Axe_Offhand" parent="BarbarianSkin/Rig/Skeleton3D" index="0"]
transform = Transform3D(1.58168e-06, 0.262864, 0.964832, 0.999998, -0.00160948, 0.00043722, 0.00166798, 0.964831, -0.262864, 0.516502, 0.635186, 0.0134835)

[node name="Barbarian_Round_Shield" parent="BarbarianSkin/Rig/Skeleton3D" index="1"]
transform = Transform3D(1.37019e-06, 0.262864, 0.964832, 0.999998, -0.00161201, 0.000438126, 0.00167065, 0.964831, -0.262864, 0.662622, 0.63528, -0.0432172)

[node name="1H_Axe" parent="BarbarianSkin/Rig/Skeleton3D" index="2"]
transform = Transform3D(-0.000260773, -0.151039, 0.988527, 0.999999, -0.00110174, 9.52857e-05, 0.00107488, 0.988527, 0.151039, -0.496094, 0.639505, 0.139392)

[node name="2H_Axe" parent="BarbarianSkin/Rig/Skeleton3D" index="3"]
transform = Transform3D(-0.000260773, -0.151039, 0.988527, 0.999999, -0.00110174, 9.52857e-05, 0.00107488, 0.988527, 0.151039, -0.496094, 0.639505, 0.139392)

[node name="Mug" parent="BarbarianSkin/Rig/Skeleton3D" index="4"]
transform = Transform3D(-0.000260773, -0.151039, 0.988527, 0.999999, -0.00110174, 9.52857e-05, 0.00107488, 0.988527, 0.151039, -0.488623, 0.338993, 0.0906843)

[node name="Barbarian_Hat" parent="BarbarianSkin/Rig/Skeleton3D" index="5"]
transform = Transform3D(0.99972, -1.40143e-09, 0.0236466, 1.39341e-09, 1, 3.55686e-10, -0.0236466, -3.22637e-10, 0.99972, -7.55726e-09, 1.20163, -1.39052e-07)

[node name="Barbarian_Cape" parent="BarbarianSkin/Rig/Skeleton3D" index="6"]
transform = Transform3D(0.996275, -5.14962e-09, 0.0862353, 5.13043e-09, 1, 4.44077e-10, -0.0862353, 1.88007e-15, 0.996275, -1.91641e-06, 1.20163, 2.59003e-08)

[node name="CollisionShape3D" type="CollisionShape3D" parent="."]
transform = Transform3D(1, 0, 0, 0, 1, 0, 0, 0, 1, 0, 1.25, 0)
shape = SubResource("CapsuleShape3D_kcs7w")

[node name="CameraPivot" type="Node3D" parent="."]
unique_name_in_owner = true
transform = Transform3D(1, 0, 0, 0, 0.939693, -0.34202, 0, 0.34202, 0.939693, 0, 0, 0)

[node name="SpringArm3D" type="SpringArm3D" parent="CameraPivot"]
transform = Transform3D(-1, 0, -8.74228e-08, 1.77636e-15, 1, 2.98023e-08, 8.74228e-08, 2.98023e-08, -1, 0, 0, 0)
shape = SubResource("SphereShape3D_kcs7w")
spring_length = 8.0

[node name="Camera3D" type="Camera3D" parent="CameraPivot/SpringArm3D"]
unique_name_in_owner = true

[node name="AnimationTree" type="AnimationTree" parent="."]
root_node = NodePath("%BarbarianSkin")
tree_root = SubResource("AnimationNodeBlendTree_j5kk5")
anim_player = NodePath("../BarbarianSkin/AnimationPlayer")
parameters/StateMachine/conditions/idle = false
parameters/StateMachine/conditions/jump = false
parameters/StateMachine/conditions/walk = false

[editable path="BarbarianSkin"]
