[gd_scene load_steps=59 format=4 uid="uid://b5d7budoq2kjo"]

[ext_resource type="Texture2D" uid="uid://dtx5b48htnptq" path="res://assets/texture/texture_01.png" id="1_5ebu0"]
[ext_resource type="PackedScene" uid="uid://b7wir6v0viwtk" path="res://scenes/ui/hud.tscn" id="1_8q1ex"]
[ext_resource type="PackedScene" uid="uid://cp0gb531e6dtc" path="res://scenes/player_marker.tscn" id="9_8q1ex"]
[ext_resource type="Script" uid="uid://4vhc7hpfgb88" path="res://addons/proton_scatter/src/scatter.gd" id="10_pnb1j"]
[ext_resource type="Script" uid="uid://dhhtgr5lt1n0w" path="res://addons/proton_scatter/src/stack/modifier_stack.gd" id="11_g7tg5"]
[ext_resource type="Script" uid="uid://dxwbxhbekahhg" path="res://addons/proton_scatter/src/modifiers/base_modifier.gd" id="12_spxsg"]
[ext_resource type="Script" uid="uid://cnbvlq352qj6c" path="res://addons/proton_scatter/src/modifiers/create_inside_random.gd" id="13_7eys5"]
[ext_resource type="Script" uid="uid://bc7pailucq83t" path="res://addons/dreadpon.spatial_gardener/gardener/gardener.gd" id="14_pnb1j"]
[ext_resource type="Script" uid="uid://cvcbgu7l353o6" path="res://addons/proton_scatter/src/modifiers/randomize_transforms.gd" id="14_v4603"]
[ext_resource type="Script" uid="uid://dtbupq01nna68" path="res://addons/proton_scatter/src/modifiers/relax.gd" id="15_8q2sn"]
[ext_resource type="Script" uid="uid://dieiojnt518h" path="res://addons/dreadpon.spatial_gardener/arborist/mmi_octree/mmi_octree_node.gd" id="15_g7tg5"]
[ext_resource type="Script" uid="uid://c6vjb6f18wxju" path="res://addons/proton_scatter/src/modifiers/project_on_geometry.gd" id="16_ptc2x"]
[ext_resource type="Script" uid="uid://c4s4x5b27vdf6" path="res://addons/dreadpon.spatial_gardener/arborist/mmi_octree/mmi_octree_manager.gd" id="16_spxsg"]
[ext_resource type="Script" uid="uid://d1pavk3gl4atd" path="res://addons/dreadpon.spatial_gardener/arborist/arborist.gd" id="17_7eys5"]
[ext_resource type="Script" uid="uid://cf2xjr63foilu" path="res://addons/proton_scatter/src/scatter_item.gd" id="17_y5el4"]
[ext_resource type="Script" uid="uid://blyp05ftrxgqk" path="res://addons/proton_scatter/src/scatter_shape.gd" id="18_35kr8"]
[ext_resource type="Shader" uid="uid://bi3o8elbtqoni" path="res://addons/simplegrasstextured/shaders/grass.gdshader" id="18_v4603"]
[ext_resource type="Script" uid="uid://bvneto5erbxlb" path="res://addons/proton_scatter/src/shapes/box_shape.gd" id="19_7v50y"]
[ext_resource type="Texture2D" uid="uid://c4ggdp0kg5wjk" path="res://addons/simplegrasstextured/textures/grassbushcc008.png" id="19_8q2sn"]
[ext_resource type="Script" uid="uid://2juaclm8gc1n" path="res://addons/simplegrasstextured/grass.gd" id="20_ptc2x"]
[ext_resource type="Texture2D" uid="uid://c0o0j5mcpyh11" path="res://assets/texture/sprite_0076.png" id="21_y5el4"]
[ext_resource type="Script" uid="uid://epj8q717srfy" path="res://addons/proton_scatter/src/shapes/path_shape.gd" id="22_35kr8"]

[sub_resource type="ProceduralSkyMaterial" id="ProceduralSkyMaterial_ur07v"]
sky_horizon_color = Color(0.662243, 0.671743, 0.686743, 1)
ground_horizon_color = Color(0.662243, 0.671743, 0.686743, 1)

[sub_resource type="Sky" id="Sky_0bk6a"]
sky_material = SubResource("ProceduralSkyMaterial_ur07v")

[sub_resource type="Environment" id="Environment_b0ve4"]
background_mode = 2
sky = SubResource("Sky_0bk6a")
tonemap_mode = 2
glow_enabled = true

[sub_resource type="StandardMaterial3D" id="StandardMaterial3D_teo0j"]
albedo_texture = ExtResource("1_5ebu0")
uv1_scale = Vector3(10, 10, 10)

[sub_resource type="Resource" id="Resource_pnb1j"]
script = ExtResource("13_7eys5")
amount = 100
enabled = true
override_global_seed = false
custom_seed = 0
restrict_height = true
reference_frame = 1

[sub_resource type="Resource" id="Resource_g7tg5"]
script = ExtResource("14_v4603")
position = Vector3(0, 0, 0)
rotation = Vector3(0, 0, 0)
scale = Vector3(0.1, 0.1, 0.1)
enabled = true
override_global_seed = false
custom_seed = 0
restrict_height = false
reference_frame = 2

[sub_resource type="Resource" id="Resource_7eys5"]
script = ExtResource("15_8q2sn")
iterations = 1
offset_step = 3.0
consecutive_step_multiplier = 0.75
use_computeshader = true
enabled = true
override_global_seed = false
custom_seed = 0
restrict_height = true
reference_frame = 0

[sub_resource type="Resource" id="Resource_v4603"]
script = ExtResource("16_ptc2x")
ray_direction = Vector3(0, -1, 0)
ray_length = 5.0
ray_offset = 5.0
remove_points_on_miss = false
align_with_collision_normal = false
max_slope = 90.0
collision_mask = 1
exclude_mask = 0
enabled = true
override_global_seed = false
custom_seed = 0
restrict_height = false
reference_frame = 0

[sub_resource type="Resource" id="Resource_8q2sn"]
script = ExtResource("11_g7tg5")
stack = Array[ExtResource("12_spxsg")]([SubResource("Resource_pnb1j"), SubResource("Resource_g7tg5"), SubResource("Resource_7eys5"), SubResource("Resource_v4603")])

[sub_resource type="Resource" id="Resource_spxsg"]
script = ExtResource("19_7v50y")
size = Vector3(20, 1, 20)
metadata/_custom_type_script = "uid://bvneto5erbxlb"

[sub_resource type="Resource" id="Resource_ff6u5"]
resource_local_to_scene = true
resource_name = "MMIOctreeNode"
script = ExtResource("15_g7tg5")
member_placeforms = []
child_nodes = []
max_members = 75
min_leaf_extent = 1.0
octant = 0
is_leaf = true
center_pos = Vector3(-23, -13, -15)
extent = 8.0
bounds = AABB(-31, -21, -23, 16, 16, 16)
max_bounds_to_center_dist = 13.8564
min_bounds_to_center_dist = 8.0
active_LOD_index = 0
metadata/class = "MMIOctreeNode"

[sub_resource type="Resource" id="Resource_dnibq"]
resource_local_to_scene = true
resource_name = "MMIOctreeNode"
script = ExtResource("15_g7tg5")
member_placeforms = []
child_nodes = []
max_members = 75
min_leaf_extent = 1.0
octant = 1
is_leaf = true
center_pos = Vector3(-23, -13, 1)
extent = 8.0
bounds = AABB(-31, -21, -7, 16, 16, 16)
max_bounds_to_center_dist = 13.8564
min_bounds_to_center_dist = 8.0
active_LOD_index = 0
metadata/class = "MMIOctreeNode"

[sub_resource type="Resource" id="Resource_wfl77"]
resource_local_to_scene = true
resource_name = "MMIOctreeNode"
script = ExtResource("15_g7tg5")
member_placeforms = [[Vector3(-21.45, 0.5, -11.469), Vector3(0, 1, 0), Transform3D(0.385238, 0, 0.922817, 0, 1, 0, -0.922817, 0, 0.385238, -21.45, 0.5, -11.469), 5], [Vector3(-19.5081, 0.5, -15.9622), Vector3(0, 1, 0), Transform3D(0.967638, 0, -0.252341, 0, 1, 0, 0.252341, 0, 0.967638, -19.5081, 0.5, -15.9622), 4], [Vector3(-16.2949, 0.5, -12.6332), Vector3(0, 1, 0), Transform3D(-0.581464, 0, -0.813572, 0, 1, 0, 0.813572, 0, -0.581464, -16.2949, 0.5, -12.6332), 5], [Vector3(-18.9051, 0.5, -14.4116), Vector3(0, 1, 0), Transform3D(-0.734999, 0, -0.678068, 0, 1, 0, 0.678068, 0, -0.734999, -18.9051, 0.5, -14.4116), 5], [Vector3(-16.3382, 0.5, -13.5698), Vector3(0, 1, 0), Transform3D(0.708349, 0, 0.705862, 0, 1, 0, -0.705862, 0, 0.708349, -16.3382, 0.5, -13.5698), 5], [Vector3(-19.0613, 0.5, -11.8982), Vector3(0, 1, 0), Transform3D(0.211931, 0, -0.977285, 0, 1, 0, 0.977285, 0, 0.211931, -19.0613, 0.5, -11.8982), 5], [Vector3(-16.0678, 0.5, -7.6134), Vector3(0, 1, 0), Transform3D(-0.748962, 0, 0.662613, 0, 1, 0, -0.662613, 0, -0.748962, -16.0678, 0.5, -7.6134), 5], [Vector3(-23.8366, 0.5, -8.01926), Vector3(0, 1, 0), Transform3D(-0.509393, 0, -0.860534, 0, 1, 0, 0.860534, 0, -0.509393, -23.8366, 0.5, -8.01926), 1], [Vector3(-26.8899, 0.5, -12.0623), Vector3(0, 1, 0), Transform3D(0.240284, 0, 0.970703, 0, 1, 0, -0.970703, 0, 0.240284, -26.8899, 0.5, -12.0623), 1], [Vector3(-20.2849, 0.5, -7.99964), Vector3(0, 1, 0), Transform3D(-0.891239, 0, -0.453535, 0, 1, 0, 0.453535, 0, -0.891239, -20.2849, 0.5, -7.99964), 5], [Vector3(-23.2875, 0.5, -13.6533), Vector3(0, 1, 0), Transform3D(0.149076, 0, -0.988826, 0, 1, 0, 0.988826, 0, 0.149076, -23.2875, 0.5, -13.6533), 1], [Vector3(-19.906, 0.5, -19.0144), Vector3(0, 1, 0), Transform3D(-0.717493, 0, -0.696566, 0, 1, 0, 0.696566, 0, -0.717493, -19.906, 0.5, -19.0144), 4], [Vector3(-22.8974, 0.5, -17.8369), Vector3(0, 1, 0), Transform3D(0.270142, 0, -0.962821, 0, 1, 0, 0.962821, 0, 0.270142, -22.8974, 0.5, -17.8369), 4], [Vector3(-18.2626, 0.5, -9.96562), Vector3(0, 1, 0), Transform3D(-0.884138, 0, -0.467225, 0, 1, 0, 0.467225, 0, -0.884138, -18.2626, 0.5, -9.96562), 5], [Vector3(-24.0341, 0.5, -8.06466), Vector3(0, 1, 0), Transform3D(-0.646431, 0, -0.762973, 0, 1, 0, 0.762973, 0, -0.646431, -24.0341, 0.5, -8.06466), 1], [Vector3(-23.9643, 0.5, -11.8956), Vector3(0, 1, 0), Transform3D(0.568423, 0, -0.822737, 0, 1, 0, 0.822737, 0, 0.568423, -23.9643, 0.5, -11.8956), 1], [Vector3(-24.4394, 0.5, -9.63867), Vector3(0, 1, 0), Transform3D(-0.332884, 0, 0.942968, 0, 1, 0, -0.942968, 0, -0.332884, -24.4394, 0.5, -9.63867), 1], [Vector3(-23.8361, 0.5, -10.33), Vector3(0, 1, 0), Transform3D(0.0719443, 0, -0.997409, 0, 1, 0, 0.997409, 0, 0.0719443, -23.8361, 0.5, -10.33), 1], [Vector3(-24.2516, 0.5, -10.8222), Vector3(0, 1, 0), Transform3D(0.919246, 0, 0.393683, 0, 1, 0, -0.393683, 0, 0.919246, -24.2516, 0.5, -10.8222), 1], [Vector3(-24.6369, 0.5, -10.9535), Vector3(0, 1, 0), Transform3D(0.144108, 0, -0.989562, 0, 1, 0, 0.989562, 0, 0.144108, -24.6369, 0.5, -10.9535), 1], [Vector3(-24.9548, 0.5, -9.76034), Vector3(0, 1, 0), Transform3D(0.901438, 0, -0.432907, 0, 1, 0, 0.432907, 0, 0.901438, -24.9548, 0.5, -9.76034), 1], [Vector3(-25.2244, 0.5, -10.9348), Vector3(0, 1, 0), Transform3D(-0.261534, 0, 0.965194, 0, 1, 0, -0.965194, 0, -0.261534, -25.2244, 0.5, -10.9348), 1], [Vector3(-24.5891, 0.5, -11.835), Vector3(0, 1, 0), Transform3D(0.993806, 0, 0.111131, 0, 1, 0, -0.111131, 0, 0.993806, -24.5891, 0.5, -11.835), 1], [Vector3(-24.4657, 0.5, -13.1463), Vector3(0, 1, 0), Transform3D(-0.934121, 0, 0.356955, 0, 1, 0, -0.356955, 0, -0.934121, -24.4657, 0.5, -13.1463), 1], [Vector3(-25.2807, 0.5, -12.1713), Vector3(0, 1, 0), Transform3D(0.420209, 0, 0.907427, 0, 1, 0, -0.907427, 0, 0.420209, -25.2807, 0.5, -12.1713), 1], [Vector3(-24.7316, 0.5, -13.78), Vector3(0, 1, 0), Transform3D(-0.312381, 0, -0.949957, 0, 1, 0, 0.949957, 0, -0.312381, -24.7316, 0.5, -13.78), 1], [Vector3(-25.6012, 0.5, -13.9814), Vector3(0, 1, 0), Transform3D(0.991874, 0, -0.127226, 0, 1, 0, 0.127226, 0, 0.991874, -25.6012, 0.5, -13.9814), 1], [Vector3(-20.8756, 0.5, -9.25001), Vector3(0, 1, 0), Transform3D(-0.922894, 0, 0.385055, 0, 1, 0, -0.385055, 0, -0.922894, -20.8756, 0.5, -9.25001), 5], [Vector3(-20.5751, 0.5, -10.6913), Vector3(0, 1, 0), Transform3D(0.593505, 0, 0.80483, 0, 1, 0, -0.80483, 0, 0.593505, -20.5751, 0.5, -10.6913), 5], [Vector3(-20.215, 0.5, -11.5006), Vector3(0, 1, 0), Transform3D(0.99991, 0, 0.0134277, 0, 1, 0, -0.0134277, 0, 0.99991, -20.215, 0.5, -11.5006), 5], [Vector3(-21.6512, 0.5, -11.7629), Vector3(0, 1, 0), Transform3D(0.999961, 0, 0.00888446, 0, 1, 0, -0.00888446, 0, 0.999961, -21.6512, 0.5, -11.7629), 5], [Vector3(-21.4557, 0.5, -11.8471), Vector3(0, 1, 0), Transform3D(-0.819653, 0, 0.57286, 0, 1, 0, -0.57286, 0, -0.819653, -21.4557, 0.5, -11.8471), 5], [Vector3(-19.9682, 0.5, -13.3042), Vector3(0, 1, 0), Transform3D(0.744201, 0, -0.667955, 0, 1, 0, 0.667955, 0, 0.744201, -19.9682, 0.5, -13.3042), 5], [Vector3(-24.2051, 1.5, -10.3891), Vector3(0, 1, 0), Transform3D(-0.907689, 0, -0.419643, 0, 1, 0, 0.419643, 0, -0.907689, -24.2051, 1.5, -10.3891), 1], [Vector3(-24.7726, 1.5, -11.3113), Vector3(0, 1, 0), Transform3D(0.995925, 0, 0.090189, 0, 1, 0, -0.090189, 0, 0.995925, -24.7726, 1.5, -11.3113), 1], [Vector3(-24.9811, 1.46165, -12.5707), Vector3(0.297133, 0.707107, -0.641648), Transform3D(0.863312, 0, -0.504672, 0, 1, 0, 0.504672, 0, 0.863312, -24.9811, 1.46165, -12.5707), 1], [Vector3(-22.81, 0.5, -14.3786), Vector3(0, 1, 0), Transform3D(0.999978, 0, -0.00665055, 0, 1, 0, 0.00665055, 0, 0.999978, -22.81, 0.5, -14.3786), 5], [Vector3(-25.1221, 0.571847, -13.382), Vector3(-0.312381, 0, 0.949957), Transform3D(0.913953, 0, -0.405819, 0, 1, 0, 0.405819, 0, 0.913953, -25.1221, 0.571847, -13.382), 1], [Vector3(-24.8335, 1.5, -11.2761), Vector3(0, 1, 0), Transform3D(0.00561501, 0, -0.999984, 0, 1, 0, 0.999984, 0, 0.00561501, -24.8335, 1.5, -11.2761), 1], [Vector3(-24.2727, 1.48782, -9.95888), Vector3(-0.705274, 0.707107, 0.0508723), Transform3D(0.990933, 0, -0.134357, 0, 1, 0, 0.134357, 0, 0.990933, -24.2727, 1.48782, -9.95888), 1], [Vector3(-25.1381, 1.46343, -11.019), Vector3(-0.699726, 0.707107, 0.1019), Transform3D(0.904132, 0, -0.427253, 0, 1, 0, 0.427253, 0, 0.904132, -25.1381, 1.46343, -11.019), 1], [Vector3(-21.0537, 0.5, -13.799), Vector3(0, 1, 0), Transform3D(0.803864, 0, -0.594814, 0, 1, 0, 0.594814, 0, 0.803864, -21.0537, 0.5, -13.799), 5], [Vector3(-22.7895, 0.5, -8.93378), Vector3(0, 1, 0), Transform3D(0.335424, 0, -0.942067, 0, 1, 0, 0.942067, 0, 0.335424, -22.7895, 0.5, -8.93378), 5], [Vector3(-23.906, 1.5, -8.49405), Vector3(0, 1, 0), Transform3D(-0.655459, 0, 0.755231, 0, 1, 0, -0.755231, 0, -0.655459, -23.906, 1.5, -8.49405), 1], [Vector3(-22.3959, 0.5, -8.80107), Vector3(0, 1, 0), Transform3D(-0.967175, 0, 0.254112, 0, 1, 0, -0.254112, 0, -0.967175, -22.3959, 0.5, -8.80107), 5], [Vector3(-22.8686, 1.5, -9.35056), Vector3(0, 1, 0), Transform3D(0.996154, 0, -0.0876214, 0, 1, 0, 0.0876214, 0, 0.996154, -22.8686, 1.5, -9.35056), 5], [Vector3(-16.2144, 0.5, -10.4379), Vector3(0, 1, 0), Transform3D(-0.499986, 0, 0.866034, 0, 1, 0, -0.866034, 0, -0.499986, -16.2144, 0.5, -10.4379), 5], [Vector3(-16.7326, 0.680627, -13.4229), Vector3(-0.137498, 0.98098, 0.137015), Transform3D(-0.9122, 0, 0.409746, 0, 1, 0, -0.409746, 0, -0.9122, -16.7326, 0.680627, -13.4229), 5], [Vector3(-24.1907, 2.5, -9.91939), Vector3(0, 1, 0), Transform3D(-0.0662784, 0, -0.997801, 0, 1, 0, 0.997801, 0, -0.0662784, -24.1907, 2.5, -9.91939), 1], [Vector3(-17.5603, 0.5, -12.1101), Vector3(0, 1, 0), Transform3D(-0.697609, 0, 0.716479, 0, 1, 0, -0.716479, 0, -0.697609, -17.5603, 0.5, -12.1101), 5], [Vector3(-21.4781, 0.5, -11.8704), Vector3(0, 1, 0), Transform3D(0.390656, 0, -0.920537, 0, 1, 0, 0.920537, 0, 0.390656, -21.4781, 0.5, -11.8704), 5], [Vector3(-18.8759, 1.5, -12.3591), Vector3(0, 1, 0), Transform3D(-0.414046, 0, 0.910256, 0, 1, 0, -0.910256, 0, -0.414046, -18.8759, 1.5, -12.3591), 5], [Vector3(-16.9305, 0.5, -15.613), Vector3(0, 1, 0), Transform3D(-0.236685, 0, -0.971586, 0, 1, 0, 0.971586, 0, -0.236685, -16.9305, 0.5, -15.613), 4], [Vector3(-17.4608, 0.5, -10.3919), Vector3(0, 1, 0), Transform3D(-0.754189, 0, -0.656657, 0, 1, 0, 0.656657, 0, -0.754189, -17.4608, 0.5, -10.3919), 5], [Vector3(-21.2856, 1.5, -11.9147), Vector3(0, 1, 0), Transform3D(0.901937, 0, 0.431867, 0, 1, 0, -0.431867, 0, 0.901937, -21.2856, 1.5, -11.9147), 5], [Vector3(-21.0462, 0.5, -13.7759), Vector3(0, 1, 0), Transform3D(-0.420611, 0, 0.907241, 0, 1, 0, -0.907241, 0, -0.420611, -21.0462, 0.5, -13.7759), 5], [Vector3(-22.4869, 0.5, -9.01669), Vector3(0, 1, 0), Transform3D(-0.97882, 0, -0.204723, 0, 1, 0, 0.204723, 0, -0.97882, -22.4869, 0.5, -9.01669), 5], [Vector3(-24.6287, 2.48782, -9.91407), Vector3(0, 1, 0), Transform3D(0.679541, 0, -0.733637, 0, 1, 0, 0.733637, 0, 0.679541, -24.6287, 2.48782, -9.91407), 1], [Vector3(-20.7951, 0.5, -7.4045), Vector3(0, 1, 0), Transform3D(-0.962887, 0, 0.269903, 0, 1, 0, -0.269903, 0, -0.962887, -20.7951, 0.5, -7.4045), 5], [Vector3(-17.9455, 1.5, -10.5545), Vector3(0, 1, 0), Transform3D(-0.504179, 0, 0.863599, 0, 1, 0, -0.863599, 0, -0.504179, -17.9455, 1.5, -10.5545), 5], [Vector3(-20.8728, 1.5, -13.4526), Vector3(0, 1, 0), Transform3D(-0.872784, 0, 0.488106, 0, 1, 0, -0.488106, 0, -0.872784, -20.8728, 1.5, -13.4526), 5], [Vector3(-19.5891, 0.5, -8.48482), Vector3(0, 1, 0), Transform3D(-0.955002, 0, 0.296599, 0, 1, 0, -0.296599, 0, -0.955002, -19.5891, 0.5, -8.48482), 5], [Vector3(-25.3196, 2.46532, -11.5414), Vector3(-0.707096, 0.707107, 0.00397041), Transform3D(-0.0960334, 0, -0.995378, 0, 1, 0, 0.995378, 0, -0.0960334, -25.3196, 2.46532, -11.5414), 1], [Vector3(-24.3321, 3.48021, -9.45796), Vector3(-0.0468659, 0.707107, 0.705552), Transform3D(0.992747, 0, -0.120226, 0, 1, 0, 0.120226, 0, 0.992747, -24.3321, 3.48021, -9.45796), 3], [Vector3(-24.7528, 3.70226, -9.98174), Vector3(-0.616965, 0, -0.78699), Transform3D(-0.686418, 0, -0.727207, 0, 1, 0, 0.727207, 0, -0.686418, -24.7528, 3.70226, -9.98174), 3], [Vector3(-24.7993, 3.51827, -9.66037), Vector3(-0.701978, -0.707107, -0.0850124), Transform3D(-0.820478, 0, 0.571678, 0, 1, 0, -0.571678, 0, -0.820478, -24.7993, 3.51827, -9.66037), 3], [Vector3(-16.1571, 0.5, -15.3782), Vector3(0, 1, 0), Transform3D(-0.35075, 0, 0.936469, 0, 1, 0, -0.936469, 0, -0.35075, -16.1571, 0.5, -15.3782), 4], [Vector3(-17.3191, 0.5, -13.6445), Vector3(0, 1, 0), Transform3D(-0.0443465, 0, -0.999016, 0, 1, 0, 0.999016, 0, -0.0443465, -17.3191, 0.5, -13.6445), 5], [Vector3(-24.687, 4.49124, -10.1636), Vector3(0.404238, 0.707107, -0.580165), Transform3D(0.993158, 0, -0.116781, 0, 1, 0, 0.116781, 0, 0.993158, -24.687, 4.49124, -10.1636), 3], [Vector3(-17.4927, 0.5, -12.026), Vector3(0, 1, 0), Transform3D(-0.910234, 0, 0.414094, 0, 1, 0, -0.414094, 0, -0.910234, -17.4927, 0.5, -12.026), 5], [Vector3(-19.5549, 1.47415, -7.97595), Vector3(-0.209727, 0.707107, 0.675289), Transform3D(0.999773, 0, -0.0212967, 0, 1, 0, 0.0212967, 0, 0.999773, -19.5549, 1.47415, -7.97595), 5], [Vector3(-21.8636, 1.06289, -7.0563), Vector3(-0.94922, 0, -0.314614), Transform3D(-0.456141, 0, 0.889908, 0, 1, 0, -0.889908, 0, -0.456141, -21.8636, 1.06289, -7.0563), 5], [Vector3(-17.684, 0.5, -10.008), Vector3(0, 1, 0), Transform3D(-0.924638, 0, 0.380848, 0, 1, 0, -0.380848, 0, -0.924638, -17.684, 0.5, -10.008), 5], [Vector3(-17.5672, 0.5, -8.61477), Vector3(0, 1, 0), Transform3D(0.69907, 0, 0.715054, 0, 1, 0, -0.715054, 0, 0.69907, -17.5672, 0.5, -8.61477), 5], [Vector3(-21.424, 1.53002, -13.2109), Vector3(-0.345143, -0.707107, 0.617152), Transform3D(0.329271, 0, 0.944235, 0, 1, 0, -0.944235, 0, 0.329271, -21.424, 1.53002, -13.2109), 5]]
child_nodes = []
max_members = 75
min_leaf_extent = 1.0
octant = 2
is_leaf = true
center_pos = Vector3(-23, 3, -15)
extent = 8.0
bounds = AABB(-31, -5, -23, 16, 16, 16)
max_bounds_to_center_dist = 13.8564
min_bounds_to_center_dist = 8.0
active_LOD_index = 0
metadata/class = "MMIOctreeNode"

[sub_resource type="Resource" id="Resource_o8781"]
resource_local_to_scene = true
resource_name = "MMIOctreeNode"
script = ExtResource("15_g7tg5")
member_placeforms = [[Vector3(-20.4473, 0.5, -2.85923), Vector3(0, 1, 0), Transform3D(0.927441, 0, 0.37397, 0, 1, 0, -0.37397, 0, 0.927441, -20.4473, 0.5, -2.85923), 4], [Vector3(-21.5679, 0.5, -6.74811), Vector3(0, 1, 0), Transform3D(0.94922, 0, -0.314614, 0, 1, 0, 0.314614, 0, 0.94922, -21.5679, 0.5, -6.74811), 4], [Vector3(-18.6359, 0.5, -4.59534), Vector3(0, 1, 0), Transform3D(0.946639, 0, -0.322296, 0, 1, 0, 0.322296, 0, 0.946639, -18.6359, 0.5, -4.59534), 4]]
child_nodes = []
max_members = 75
min_leaf_extent = 1.0
octant = 3
is_leaf = true
center_pos = Vector3(-23, 3, 1)
extent = 8.0
bounds = AABB(-31, -5, -7, 16, 16, 16)
max_bounds_to_center_dist = 13.8564
min_bounds_to_center_dist = 8.0
active_LOD_index = 0
metadata/class = "MMIOctreeNode"

[sub_resource type="Resource" id="Resource_2fq5q"]
resource_local_to_scene = true
resource_name = "MMIOctreeNode"
script = ExtResource("15_g7tg5")
member_placeforms = []
child_nodes = []
max_members = 75
min_leaf_extent = 1.0
octant = 4
is_leaf = true
center_pos = Vector3(-7, -13, -15)
extent = 8.0
bounds = AABB(-15, -21, -23, 16, 16, 16)
max_bounds_to_center_dist = 13.8564
min_bounds_to_center_dist = 8.0
active_LOD_index = 0
metadata/class = "MMIOctreeNode"

[sub_resource type="Resource" id="Resource_ou5pv"]
resource_local_to_scene = true
resource_name = "MMIOctreeNode"
script = ExtResource("15_g7tg5")
member_placeforms = []
child_nodes = []
max_members = 75
min_leaf_extent = 1.0
octant = 5
is_leaf = true
center_pos = Vector3(-7, -13, 1)
extent = 8.0
bounds = AABB(-15, -21, -7, 16, 16, 16)
max_bounds_to_center_dist = 13.8564
min_bounds_to_center_dist = 8.0
active_LOD_index = 0
metadata/class = "MMIOctreeNode"

[sub_resource type="Resource" id="Resource_6atdw"]
resource_local_to_scene = true
resource_name = "MMIOctreeNode"
script = ExtResource("15_g7tg5")
member_placeforms = [[Vector3(-14.7112, 0.5, -17.2873), Vector3(0, 1, 0), Transform3D(-0.0762652, 0, 0.997088, 0, 1, 0, -0.997088, 0, -0.0762652, -14.7112, 0.5, -17.2873), 0], [Vector3(-12.5422, 0.5, -18.1566), Vector3(0, 1, 0), Transform3D(0.170909, 0, -0.985287, 0, 1, 0, 0.985287, 0, 0.170909, -12.5422, 0.5, -18.1566), 0], [Vector3(-11.3266, 0.5, -13.3119), Vector3(0, 1, 0), Transform3D(0.632276, 0, -0.774743, 0, 1, 0, 0.774743, 0, 0.632276, -11.3266, 0.5, -13.3119), 1], [Vector3(-13.7803, 0.5, -13.5339), Vector3(0, 1, 0), Transform3D(0.410441, 0, -0.911887, 0, 1, 0, 0.911887, 0, 0.410441, -13.7803, 0.5, -13.5339), 1], [Vector3(-14.4689, 0.5, -11.275), Vector3(0, 1, 0), Transform3D(-0.609774, 0, 0.792575, 0, 1, 0, -0.792575, 0, -0.609774, -14.4689, 0.5, -11.275), 1], [Vector3(-11.384, 0.5, -7.90573), Vector3(0, 1, 0), Transform3D(-0.300196, 0, 0.953878, 0, 1, 0, -0.953878, 0, -0.300196, -11.384, 0.5, -7.90573), 1], [Vector3(-10.2365, 0.5, -16.4838), Vector3(0, 1, 0), Transform3D(-0.0278942, 0, 0.999611, 0, 1, 0, -0.999611, 0, -0.0278942, -10.2365, 0.5, -16.4838), 0], [Vector3(-6.91634, 0.5, -19.5148), Vector3(0, 1, 0), Transform3D(0.0407774, 0, -0.999168, 0, 1, 0, 0.999168, 0, 0.0407774, -6.91634, 0.5, -19.5148), 4], [Vector3(-9.23482, 0.5, -19.3666), Vector3(0, 1, 0), Transform3D(-0.549787, 0, 0.835305, 0, 1, 0, -0.835305, 0, -0.549787, -9.23482, 0.5, -19.3666), 0], [Vector3(-13.8144, 0.5, -7.03852), Vector3(0, 1, 0), Transform3D(-0.753701, 0, -0.657218, 0, 1, 0, 0.657218, 0, -0.753701, -13.8144, 0.5, -7.03852), 1], [Vector3(-14.7602, 0.5, -12.3557), Vector3(0, 1, 0), Transform3D(-0.825354, 0, 0.564616, 0, 1, 0, -0.564616, 0, -0.825354, -14.7602, 0.5, -12.3557), 1]]
child_nodes = []
max_members = 75
min_leaf_extent = 1.0
octant = 6
is_leaf = true
center_pos = Vector3(-7, 3, -15)
extent = 8.0
bounds = AABB(-15, -5, -23, 16, 16, 16)
max_bounds_to_center_dist = 13.8564
min_bounds_to_center_dist = 8.0
active_LOD_index = 0
metadata/class = "MMIOctreeNode"

[sub_resource type="Resource" id="Resource_an85b"]
resource_local_to_scene = true
resource_name = "MMIOctreeNode"
script = ExtResource("15_g7tg5")
member_placeforms = [[Vector3(-7.14102, 0.5, -6.91302), Vector3(0, 1, 0), Transform3D(-0.864425, 0, 0.502762, 0, 1, 0, -0.502762, 0, -0.864425, -7.14102, 0.5, -6.91302), 0]]
child_nodes = []
max_members = 75
min_leaf_extent = 1.0
octant = 7
is_leaf = true
center_pos = Vector3(-7, 3, 1)
extent = 8.0
bounds = AABB(-15, -5, -7, 16, 16, 16)
max_bounds_to_center_dist = 13.8564
min_bounds_to_center_dist = 8.0
active_LOD_index = 0
metadata/class = "MMIOctreeNode"

[sub_resource type="Resource" id="Resource_0gj6g"]
resource_local_to_scene = true
resource_name = "MMIOctreeNode"
script = ExtResource("15_g7tg5")
member_placeforms = []
child_nodes = [SubResource("Resource_ff6u5"), SubResource("Resource_dnibq"), SubResource("Resource_wfl77"), SubResource("Resource_o8781"), SubResource("Resource_2fq5q"), SubResource("Resource_ou5pv"), SubResource("Resource_6atdw"), SubResource("Resource_an85b")]
max_members = 75
min_leaf_extent = 1.0
octant = -1
is_leaf = false
center_pos = Vector3(-15, -5, -7)
extent = 16.0
bounds = AABB(-31, -21, -23, 32, 32, 32)
max_bounds_to_center_dist = 27.7128
min_bounds_to_center_dist = 16.0
active_LOD_index = 0
metadata/class = "MMIOctreeNode"

[sub_resource type="Resource" id="Resource_hps3a"]
resource_local_to_scene = true
resource_name = "MMIOctreeManager"
script = ExtResource("16_spxsg")
root_octree_node = SubResource("Resource_0gj6g")
metadata/class = "MMIOctreeManager"

[sub_resource type="Resource" id="Resource_qcodj"]
resource_local_to_scene = true
script = ExtResource("17_7eys5")
octree_managers = [SubResource("Resource_hps3a")]
metadata/class = "Arborist"

[sub_resource type="ShaderMaterial" id="ShaderMaterial_cc340"]
resource_local_to_scene = true
render_priority = 0
shader = ExtResource("18_v4603")
shader_parameter/albedo = Color(1, 1, 1, 1)
shader_parameter/texture_albedo = ExtResource("19_8q2sn")
shader_parameter/texture_frames = Vector2(1, 1)
shader_parameter/light_mode = 1
shader_parameter/alpha_scissor_threshold = 0.5
shader_parameter/normal_scale = 1.0
shader_parameter/metallic = 0.0
shader_parameter/metallic_texture_channel = Vector4(1, 0, 0, 0)
shader_parameter/roughness = 1.0
shader_parameter/roughness_texture_channel = Vector4(1, 0, 0, 0)
shader_parameter/specular = 0.5
shader_parameter/scale_h = 1.0
shader_parameter/scale_w = 1.0
shader_parameter/scale_var = -0.25
shader_parameter/grass_strength = 0.55
shader_parameter/optimization_by_distance = false
shader_parameter/optimization_level = 7.0
shader_parameter/optimization_dist_min = 10.0
shader_parameter/optimization_dist_max = 50.0
shader_parameter/grass_size_y = 1.0
shader_parameter/interactive_mode = true
shader_parameter/interactive_level_xz = 3.0
shader_parameter/interactive_level_y = 0.3

[sub_resource type="ArrayMesh" id="ArrayMesh_n0spa"]
_surfaces = [{
"aabb": AABB(-0.5, 0, -0.5, 1, 1, 1),
"attribute_data": PackedByteArray("/wAA/wAAAAAAAAAAAAAA/wAAgD8AAIA/AAAA/wAAAAAAAIA//wAA/wAAgD8AAAAA/wAA/wAAAAAAAAAAAAAA/wAAgD8AAIA/AAAA/wAAAAAAAIA//wAA/wAAgD8AAAAA"),
"format": 34359742495,
"index_count": 12,
"index_data": PackedByteArray("AAABAAIAAwABAAAABAAFAAYABwAFAAQA"),
"material": SubResource("ShaderMaterial_cc340"),
"primitive": 3,
"uv_scale": Vector4(0, 0, 0, 0),
"vertex_count": 8,
"vertex_data": PackedByteArray("AAAAvwAAgD8AAAAAAAAAPwAAAAAAAAAAAAAAvwAAAAAAAAAAAAAAPwAAgD8AAAAAAAAAAAAAgD8AAAC/AAAAAAAAAAAAAAA/AAAAAAAAAAAAAAC/AAAAAAAAgD8AAAA//3//f////7//f/9/////v/9//3////+//3//f////78AAP9//3//vwAA/3//f/+/AAD/f/9//78AAP9//3//vw==")
}]
metadata/GodotVersion = "4.4.1-stable (official)"

[sub_resource type="MultiMesh" id="MultiMesh_ekyjl"]
transform_format = 1
instance_count = 1380
mesh = SubResource("ArrayMesh_n0spa")
