[gd_scene load_steps=11 format=3 uid="uid://yea7sccw0tlb"]

[ext_resource type="Script" uid="uid://00ryxp4nvyat" path="res://scene/scene_2.gd" id="1_ko8ae"]
[ext_resource type="Texture2D" uid="uid://chu1w8q3rx1he" path="res://assets/textures/Green/texture_01.png" id="1_vpjo6"]
[ext_resource type="PackedScene" uid="uid://tyh3xxm88i8o" path="res://scene/base/wall_doorway_sides.tscn" id="3_nev6h"]

[sub_resource type="ProceduralSkyMaterial" id="ProceduralSkyMaterial_ko8ae"]
sky_horizon_color = Color(0.662243, 0.671743, 0.686743, 1)
ground_horizon_color = Color(0.662243, 0.671743, 0.686743, 1)

[sub_resource type="Sky" id="Sky_nev6h"]
sky_material = SubResource("ProceduralSkyMaterial_ko8ae")

[sub_resource type="Environment" id="Environment_tf1jc"]
background_mode = 2
sky = SubResource("Sky_nev6h")
tonemap_mode = 2
glow_enabled = true

[sub_resource type="StandardMaterial3D" id="StandardMaterial3D_ko8ae"]
albedo_texture = ExtResource("1_vpjo6")
uv1_scale = Vector3(10, 10, 10)

[sub_resource type="PlaneMesh" id="PlaneMesh_nev6h"]
material = SubResource("StandardMaterial3D_ko8ae")
size = Vector2(20, 20)

[sub_resource type="ConvexPolygonShape3D" id="ConvexPolygonShape3D_tf1jc"]
points = PackedVector3Array(-10, 0, -10, -10, 0, 10, 10, 0, -10, 10, 0, 10)

[sub_resource type="BoxShape3D" id="BoxShape3D_tf1jc"]
size = Vector3(1, 2.80847, 2)

[node name="scene2" type="Node3D"]
script = ExtResource("1_ko8ae")

[node name="WorldEnvironment" type="WorldEnvironment" parent="."]
environment = SubResource("Environment_tf1jc")

[node name="DirectionalLight3D" type="DirectionalLight3D" parent="."]
transform = Transform3D(-0.866023, -0.433016, 0.250001, 0, 0.499998, 0.866027, -0.500003, 0.749999, -0.43301, 0, 0, 0)
shadow_enabled = true

[node name="MeshInstance3D" type="MeshInstance3D" parent="."]
mesh = SubResource("PlaneMesh_nev6h")

[node name="StaticBody3D" type="StaticBody3D" parent="MeshInstance3D"]

[node name="CollisionShape3D" type="CollisionShape3D" parent="MeshInstance3D/StaticBody3D"]
shape = SubResource("ConvexPolygonShape3D_tf1jc")

[node name="CSGBox3D" type="CSGBox3D" parent="."]
transform = Transform3D(1, 0, 0, 0, 1, 0, 0, 0, 1, 0, 0.447974, 3.87154)
use_collision = true

[node name="startMarker" type="Marker3D" parent="."]
transform = Transform3D(1, 0, 0, 0, 1, 0, 0, 0, 1, 0.00780261, 1.534, -3.98515)

[node name="wall_doorway_sides" parent="." instance=ExtResource("3_nev6h")]
transform = Transform3D(0.014992, 0, -0.999888, 0, 1, 0, 0.999888, 0, 0.014992, 7.73344, 0, 0.847891)

[node name="Area3D" type="Area3D" parent="."]
transform = Transform3D(0.750146, 0, 0.661273, 0, 1, 0, -0.661273, 0, 0.750146, 7.24174, 0.496105, 0.889478)

[node name="CollisionShape3D" type="CollisionShape3D" parent="Area3D"]
transform = Transform3D(0.739561, 0, -0.67309, 0, 1, 0, 0.67309, 0, 0.739561, 0, 0.904236, 0)
shape = SubResource("BoxShape3D_tf1jc")

[connection signal="body_entered" from="Area3D" to="." method="_on_area_3d_body_entered"]
